	0	1	2	3	4	5	6	7	8	9	10	11	12	13	14	15	16	17	18	19	20	21	22	23	24	25	26	27	28	29
	-	-	-	-	-	-	-	-	-	-	-	-	-	-	-	-	-	-	-	-	-	-	-	-	-	-	-	-	-	-
0|	0	10	28	88	58	13	14	49	82	95	9	31	37	32	71	75	57	60	27	86	34	99	20	1	56	40	39	83	25	91	
1|	10	0	22	23	48	60	80	39	38	28	95	98	97	33	53	72	87	43	24	44	25	81	10	90	99	2	32	20	43	58	
2|	28	22	0	31	1	34	84	50	83	78	8	38	25	49	77	26	89	47	97	16	14	82	23	40	66	63	5	11	12	36	
3|	88	23	31	0	13	51	86	86	49	41	93	96	43	76	29	36	98	35	79	14	55	58	91	43	89	84	14	29	27	13	
4|	58	48	1	13	0	97	95	37	72	50	36	6	34	19	17	35	17	85	92	77	95	88	75	59	45	22	28	22	99	91	
5|	13	60	34	51	97	0	13	39	77	67	26	5	35	61	46	41	98	3	60	94	67	97	65	94	37	58	11	15	66	99	
6|	14	80	84	86	95	13	0	61	54	78	91	6	61	29	88	26	67	95	58	59	55	73	39	19	99	61	19	93	2	9	
7|	49	39	50	86	37	39	61	0	66	98	35	68	15	65	72	92	22	62	57	99	18	47	57	44	7	36	66	96	28	28	
8|	82	38	83	49	72	77	54	66	0	17	73	3	1	5	27	75	25	47	38	69	76	87	56	57	30	60	39	74	67	56	
9|	95	28	78	41	50	67	78	98	17	0	67	4	34	98	30	46	53	8	89	70	97	71	83	57	91	70	14	85	58	71	
10|	9	95	8	93	36	26	91	35	73	67	0	44	1	37	23	31	2	4	95	74	95	23	76	5	48	48	8	55	42	47	
11|	31	98	38	96	6	5	6	68	3	4	44	0	74	60	55	70	87	6	21	53	70	71	15	36	67	32	87	7	97	47	
12|	37	97	25	43	34	35	61	15	1	34	1	74	0	8	95	58	33	29	2	32	87	78	11	93	95	64	60	16	24	70	
13|	32	33	49	76	19	61	29	65	5	98	37	60	8	0	89	72	76	19	92	4	82	46	6	56	56	97	34	27	45	38	
14|	71	53	77	29	17	46	88	72	27	30	23	55	95	89	0	37	58	2	40	93	2	64	22	59	35	72	35	61	34	89	
15|	75	72	26	36	35	41	26	92	75	46	31	70	58	72	37	0	1	62	64	63	13	59	81	98	48	90	73	76	65	49	
16|	57	87	89	98	17	98	67	22	25	53	2	87	33	76	58	1	0	75	34	44	24	36	37	49	20	32	1	90	36	78	
17|	60	43	47	35	85	3	95	62	47	8	4	6	29	19	2	62	75	0	29	67	14	87	69	15	11	38	98	47	80	38	
18|	27	24	97	79	92	60	58	57	38	89	95	21	2	92	40	64	34	29	0	88	81	6	85	42	51	50	77	4	70	73	
19|	86	44	16	14	77	94	59	99	69	70	74	53	32	4	93	63	44	67	88	0	87	5	91	73	58	41	99	7	71	25	
20|	34	25	14	55	95	67	55	18	76	97	95	70	87	82	2	13	24	14	81	87	0	37	75	24	93	93	47	43	21	23	
21|	99	81	82	58	88	97	73	47	87	71	23	71	78	46	64	59	36	87	6	5	37	0	9	74	22	25	80	34	2	20	
22|	20	10	23	91	75	65	39	57	56	83	76	15	11	6	22	81	37	69	85	91	75	9	0	9	83	64	93	16	4	41	
23|	1	90	40	43	59	94	19	44	57	57	5	36	93	56	59	98	49	15	42	73	24	74	9	0	11	86	60	6	8	6	
24|	56	99	66	89	45	37	99	7	30	91	48	67	95	56	35	48	20	11	51	58	93	22	83	11	0	16	54	74	18	37	
25|	40	2	63	84	22	58	61	36	60	70	48	32	64	97	72	90	32	38	50	41	93	25	64	86	16	0	62	72	70	60	
26|	39	32	5	14	28	11	19	66	39	14	8	87	60	34	35	73	1	98	77	99	47	80	93	60	54	62	0	61	99	3	
27|	83	20	11	29	22	15	93	96	74	85	55	7	16	27	61	76	90	47	4	7	43	34	16	6	74	72	61	0	19	72	
28|	25	43	12	27	99	66	2	28	67	58	42	97	24	45	34	65	36	80	70	71	21	2	4	8	18	70	99	19	0	30	
29|	91	58	36	13	91	99	9	28	56	71	47	47	70	38	89	49	78	38	73	25	23	20	41	6	37	60	3	72	30	0	
